661.700000	0.013910	0.000014	0.119183	0.000109
661.700000	0.021964	0.000013	0.140620	0.000076
661.700000	0.034730	0.000039	0.169004	0.000180
661.700000	0.078799	0.000082	0.258901	0.000277
661.700000	0.086988	0.000083	0.254678	0.000165
661.700000	0.087067	0.000094	0.254878	0.000248
661.700000	0.078867	0.000061	0.259122	0.000105
661.700000	0.034718	0.000038	0.168953	0.000179
661.700000	0.021966	0.000016	0.140627	0.000092
661.700000	0.013910	0.000014	0.119193	0.000110
661.700000	0.009105	0.000007	0.103647	0.000071
