0.000000 7407
1.324491 3202
2.648983 3666
3.973474 4022
5.297966 4313
6.622457 4535
7.946948 4478
9.271440 4457
10.595931 4562
11.920423 4503
13.244914 4612
14.569405 4432
15.893897 4512
17.218388 4505
18.542880 4551
19.867371 4441
21.191862 4527
22.516354 4629
23.840845 4460
25.165337 4421
26.489828 4496
27.814319 4442
29.138811 4524
30.463302 4501
31.787794 4598
33.112285 4378
34.436776 4409
35.761268 4569
37.085759 4470
38.410251 4533
39.734742 4380
41.059233 4474
42.383725 4508
43.708216 4451
45.032708 4553
46.357199 4566
47.681690 4433
49.006182 4496
50.330673 4444
51.655165 4256
52.979656 4512
54.304147 4407
55.628639 4404
56.953130 4448
58.277622 4436
59.602113 4393
60.926604 4393
62.251096 4358
63.575587 4429
64.900079 4447
66.224570 4396
67.549061 4569
68.873553 4350
70.198044 4496
71.522536 4528
72.847027 4312
74.171518 4344
75.496010 4348
76.820501 4327
78.144993 4377
79.469484 4453
80.793975 4369
82.118467 4426
83.442958 4402
84.767450 4381
86.091941 4366
87.416432 4502
88.740924 4521
90.065415 4408
91.389907 4394
92.714398 4429
94.038889 4444
95.363381 4377
96.687872 4373
98.012364 4279
99.336855 4378
100.661346 4431
101.985838 4282
103.310329 4429
104.634821 4408
105.959312 4375
107.283803 4354
108.608295 4337
109.932786 4367
111.257278 4400
112.581769 4549
113.906260 4317
115.230752 4449
116.555243 4385
117.879735 4361
119.204226 4365
120.528717 4402
121.853209 4459
123.177700 4385
124.502192 4267
125.826683 4495
127.151174 4331
128.475666 4415
129.800157 4384
131.124649 4388
132.449140 4440
133.773631 4440
135.098123 4324
136.422614 4400
137.747106 4423
139.071597 4325
140.396088 4336
141.720580 4206
143.045071 4267
144.369563 4388
145.694054 4282
147.018545 4466
148.343037 4462
149.667528 4407
150.992020 4440
152.316511 4362
153.641002 4549
154.965494 4409
156.289985 4446
157.614477 4395
158.938968 4283
160.263459 4237
161.587951 4278
162.912442 4457
164.236934 4412
165.561425 4422
166.885916 4357
168.210408 4191
169.534899 4312
170.859391 4292
172.183882 4465
173.508373 4355
174.832865 4392
176.157356 4440
177.481848 4391
178.806339 4210
180.130830 4373
181.455322 4321
182.779813 4323
184.104305 4340
185.428796 4267
186.753287 4394
188.077779 4277
189.402270 4421
190.726762 4340
192.051253 4300
193.375744 4330
194.700236 4421
196.024727 4249
197.349219 4177
198.673710 4267
199.998201 4228
201.322693 4308
202.647184 4351
203.971676 4272
205.296167 4315
206.620658 4299
207.945150 4301
209.269641 4305
210.594133 4330
211.918624 4232
213.243115 4147
214.567607 4245
215.892098 4299
217.216590 4333
218.541081 4413
219.865572 4332
221.190064 4338
222.514555 4174
223.839047 4352
225.163538 4363
226.488029 4274
227.812521 4153
229.137012 4314
230.461504 4292
231.785995 4292
233.110486 4283
234.434978 4307
235.759469 4411
237.083961 4331
238.408452 4265
239.732943 4327
241.057435 4252
242.381926 4290
243.706418 4310
245.030909 4336
246.355400 4251
247.679892 4347
249.004383 4234
250.328875 4207
251.653366 4217
252.977857 4226
254.302349 4227
255.626840 4301
256.951332 4295
258.275823 4270
259.600314 4178
260.924806 4269
262.249297 4205
263.573789 4337
264.898280 4163
266.222771 4128
267.547263 4206
268.871754 4208
270.196246 4168
271.520737 4216
272.845228 4308
274.169720 4325
275.494211 4185
276.818703 4238
278.143194 4189
279.467685 4367
280.792177 4255
282.116668 4216
283.441160 4179
284.765651 4288
286.090142 4208
287.414634 4286
288.739125 4267
290.063617 4241
291.388108 4137
292.712599 4208
294.037091 4216
295.361582 4144
296.686074 4183
298.010565 4280
299.335056 4280
300.659548 4095
301.984039 4214
303.308531 4389
304.633022 4533
305.957513 4902
307.282005 5078
308.606496 5300
309.930988 5482
311.255479 5265
312.579970 5059
313.904462 4814
315.228953 4541
316.553445 4575
317.877936 4266
319.202427 4319
320.526919 4257
321.851410 4240
323.175902 4321
324.500393 4306
325.824884 4162
327.149376 4239
328.473867 4281
329.798359 4119
331.122850 4192
332.447341 4191
333.771833 4177
335.096324 4292
336.420816 4138
337.745307 4259
339.069798 4236
340.394290 4211
341.718781 4303
343.043273 4373
344.367764 4250
345.692255 4243
347.016747 4191
348.341238 4216
349.665729 4190
350.990221 4079
352.314712 4192
353.639204 4300
354.963695 4233
356.288186 4377
357.612678 4327
358.937169 4216
360.261661 4216
361.586152 4277
362.910643 4139
364.235135 4302
365.559626 4249
366.884118 4314
368.208609 4197
369.533100 4125
370.857592 4339
372.182083 4240
373.506575 4096
374.831066 4157
376.155557 4189
377.480049 4377
378.804540 4143
380.129032 4273
381.453523 4281
382.778014 4249
384.102506 4085
385.426997 4246
386.751489 4198
388.075980 4094
389.400471 4147
390.724963 4238
392.049454 4108
393.373946 4204
394.698437 4182
396.022928 4050
397.347420 4168
398.671911 4226
399.996403 4262
401.320894 4269
402.645385 4334
403.969877 4102
405.294368 4321
406.618860 4074
407.943351 4160
409.267842 4214
410.592334 4079
411.916825 4296
413.241317 4129
414.565808 4294
415.890299 4290
417.214791 4263
418.539282 4247
419.863774 4246
421.188265 4245
422.512756 3976
423.837248 4115
425.161739 4159
426.486231 4173
427.810722 4064
429.135213 4205
430.459705 4114
431.784196 4132
433.108688 4268
434.433179 4264
435.757670 4231
437.082162 4251
438.406653 4188
439.731145 4323
441.055636 4359
442.380127 4181
443.704619 3994
445.029110 4246
446.353602 4208
447.678093 4189
449.002584 4147
450.327076 4218
451.651567 4248
452.976059 4212
454.300550 4172
455.625041 4163
456.949533 4303
458.274024 4173
459.598516 4166
460.923007 4266
462.247498 4127
463.571990 4121
464.896481 4131
466.220973 4313
467.545464 4255
468.869955 4230
470.194447 4212
471.518938 4310
472.843430 4260
474.167921 4198
475.492412 4222
476.816904 4127
478.141395 4366
479.465887 4424
480.790378 4232
482.114869 4190
483.439361 4177
484.763852 4165
486.088344 4199
487.412835 4138
488.737326 4109
490.061818 4291
491.386309 4292
492.710801 4137
494.035292 4135
495.359783 4209
496.684275 4233
498.008766 4226
499.333258 4120
500.657749 4186
501.982240 4093
503.306732 4194
504.631223 4127
505.955715 4287
507.280206 4164
508.604697 4133
509.929189 4203
511.253680 4068
512.578172 4160
513.902663 4088
515.227154 4157
516.551646 4201
517.876137 4288
519.200629 4159
520.525120 4224
521.849611 4209
523.174103 4215
524.498594 4232
525.823086 4159
527.147577 4121
528.472068 4194
529.796560 4165
531.121051 4124
532.445543 4034
533.770034 4232
535.094525 4227
536.419017 4198
537.743508 4210
539.068000 4164
540.392491 4228
541.716982 4302
543.041474 4212
544.365965 4258
545.690457 4170
547.014948 4117
548.339439 4192
549.663931 4062
550.988422 4124
552.312914 4179
553.637405 4148
554.961896 4156
556.286388 4213
557.610879 4183
558.935371 4271
560.259862 4248
561.584353 4232
562.908845 4356
564.233336 4161
565.557828 4265
566.882319 4193
568.206810 4129
569.531302 4229
570.855793 4179
572.180285 4195
573.504776 4120
574.829267 4169
576.153759 4168
577.478250 4191
578.802742 4171
580.127233 4153
581.451724 4166
582.776216 4158
584.100707 4219
585.425199 4213
586.749690 4174
588.074181 4265
589.398673 4296
590.723164 4181
592.047656 4160
593.372147 4231
594.696638 4186
596.021130 4259
597.345621 4146
598.670113 4167
599.994604 4136
601.319095 4208
602.643587 4225
603.968078 4215
605.292570 4235
606.617061 4223
607.941552 4204
609.266044 4158
610.590535 4252
611.915027 4158
613.239518 4235
614.564009 4156
615.888501 4277
617.212992 4231
618.537484 4339
619.861975 4335
621.186466 4284
622.510958 4234
623.835449 4213
625.159941 4328
626.484432 4270
627.808923 4145
629.133415 4333
630.457906 4321
631.782398 4283
633.106889 4269
634.431380 4156
635.755872 4248
637.080363 4186
638.404855 4400
639.729346 4305
641.053837 4096
642.378329 4311
643.702820 4380
645.027312 4272
646.351803 4283
647.676294 4266
649.000786 4384
650.325277 4290
651.649769 4227
652.974260 4213
654.298751 4223
655.623243 4272
656.947734 4381
658.272226 4349
659.596717 4342
660.921208 4262
662.245700 4248
663.570191 4345
664.894683 4249
666.219174 4440
667.543665 4305
668.868157 4313
670.192648 4372
671.517140 4315
672.841631 4342
674.166122 4346
675.490614 4274
676.815105 4233
678.139597 4253
679.464088 4449
680.788579 4380
682.113071 4317
683.437562 4399
684.762054 4422
686.086545 4364
687.411036 4213
688.735528 4341
690.060019 4424
691.384511 4298
692.709002 4462
694.033493 4384
695.357985 4408
696.682476 4239
698.006968 4543
699.331459 4471
700.655950 4365
701.980442 4561
703.304933 4269
704.629425 4381
705.953916 4369
707.278407 4375
708.602899 4394
709.927390 4438
711.251882 4410
712.576373 4347
713.900864 4557
715.225356 4369
716.549847 4445
717.874339 4384
719.198830 4469
720.523321 4588
721.847813 4559
723.172304 4396
724.496796 4505
725.821287 4411
727.145778 4446
728.470270 4516
729.794761 4653
731.119253 4434
732.443744 4466
733.768235 4447
735.092727 4440
736.417218 4471
737.741710 4428
739.066201 4526
740.390692 4424
741.715184 4667
743.039675 4463
744.364167 4569
745.688658 4506
747.013149 4378
748.337641 4556
749.662132 4573
750.986624 4561
752.311115 4638
753.635606 4596
754.960098 4631
756.284589 4538
757.609081 4438
758.933572 4596
760.258063 4583
761.582555 4582
762.907046 4474
764.231538 4494
765.556029 4591
766.880520 4609
768.205012 4599
769.529503 4495
770.853995 4613
772.178486 4577
773.502977 4634
774.827469 4594
776.151960 4481
777.476452 4671
778.800943 4553
780.125434 4580
781.449926 4554
782.774417 4542
784.098909 4536
785.423400 4701
786.747891 4603
788.072383 4653
789.396874 4697
790.721366 4607
792.045857 4650
793.370348 4700
794.694840 4839
796.019331 4803
797.343823 4683
798.668314 4718
799.992805 4626
801.317297 4637
802.641788 4672
803.966280 4811
805.290771 4828
806.615262 4819
807.939754 4779
809.264245 4758
810.588737 4798
811.913228 4683
813.237719 5069
814.562211 5531
815.886702 5820
817.211194 6063
818.535685 6502
819.860176 6757
821.184668 6667
822.509159 6292
823.833651 6042
825.158142 5489
826.482633 5300
827.807125 5140
829.131616 4830
830.456108 4928
831.780599 4870
833.105090 4810
834.429582 4873
835.754073 4972
837.078565 4960
838.403056 4750
839.727547 5003
841.052039 4955
842.376530 4784
843.701022 4984
845.025513 4957
846.350004 4916
847.674496 4913
848.998987 5120
850.323479 5072
851.647970 4918
852.972461 5107
854.296953 5070
855.621444 5014
856.945936 4997
858.270427 4931
859.594918 5072
860.919410 5016
862.243901 5150
863.568393 4912
864.892884 5039
866.217375 5001
867.541867 5119
868.866358 5072
870.190850 4980
871.515341 5042
872.839832 5302
874.164324 5008
875.488815 5180
876.813307 5169
878.137798 5126
879.462289 5090
880.786781 5180
882.111272 5191
883.435764 5347
884.760255 5236
886.084746 5403
887.409238 5295
888.733729 5205
890.058221 5182
891.382712 5267
892.707203 5303
894.031695 5215
895.356186 5253
896.680678 5242
898.005169 5300
899.329660 5349
900.654152 5212
901.978643 5395
903.303135 5523
904.627626 5356
905.952117 5325
907.276609 5466
908.601100 5296
909.925592 5194
911.250083 5456
912.574574 5549
913.899066 5421
915.223557 5488
916.548049 5545
917.872540 5445
919.197031 5453
920.521523 5483
921.846014 5400
923.170506 5515
924.494997 5518
925.819488 5688
927.143980 5516
928.468471 5543
929.792963 5603
931.117454 5651
932.441945 5650
933.766437 5675
935.090928 5564
936.415420 5632
937.739911 5880
939.064402 5662
940.388894 5877
941.713385 5683
943.037877 5841
944.362368 5714
945.686859 5712
947.011351 5949
948.335842 5662
949.660334 5742
950.984825 5939
952.309316 5810
953.633808 5890
954.958299 5829
956.282791 6044
957.607282 5862
958.931773 5998
960.256265 5996
961.580756 5940
962.905248 5962
964.229739 6111
965.554230 6023
966.878722 6091
968.203213 6085
969.527705 6000
970.852196 6176
972.176687 6099
973.501179 6144
974.825670 6183
976.150162 6182
977.474653 6368
978.799144 6337
980.123636 6154
981.448127 6191
982.772619 6434
984.097110 6355
985.421601 6313
986.746093 6462
988.070584 6493
989.395076 6601
990.719567 6572
992.044058 6415
993.368550 6592
994.693041 6565
996.017533 6653
997.342024 6551
998.666515 6877
999.991007 6810
1001.315498 6767
1002.639990 6777
1003.964481 6969
1005.288972 6913
1006.613464 7038
1007.937955 6895
1009.262447 7088
1010.586938 7137
1011.911429 7284
1013.235921 6958
1014.560412 7183
1015.884904 7186
1017.209395 7415
1018.533886 7271
1019.858378 7745
1021.182869 7430
1022.507361 7445
1023.831852 7582
1025.156343 7506
1026.480835 7644
1027.805326 7577
1029.129818 7775
1030.454309 7939
1031.778800 7762
1033.103292 7857
1034.427783 7955
1035.752274 7971
1037.076766 7881
1038.401257 7963
1039.725749 7888
1041.050240 8124
1042.374731 8239
1043.699223 8229
1045.023714 8171
1046.348206 8207
1047.672697 8283
1048.997188 8232
1050.321680 8387
1051.646171 8462
1052.970663 8553
1054.295154 8493
1055.619645 8393
1056.944137 8374
1058.268628 8518
1059.593120 8595
1060.917611 8832
1062.242102 8665
1063.566594 8917
1064.891085 8785
1066.215577 8772
1067.540068 9004
1068.864559 9063
1070.189051 9207
1071.513542 9131
1072.838034 9059
1074.162525 9275
1075.487016 9254
1076.811508 9398
1078.135999 9559
1079.460491 9356
1080.784982 9586
1082.109473 9628
1083.433965 9631
1084.758456 9586
1086.082948 9902
1087.407439 9855
1088.731930 9792
1090.056422 9983
1091.380913 10192
1092.705405 10294
1094.029896 10252
1095.354387 10378
1096.678879 10598
1098.003370 10547
1099.327862 10410
1100.652353 10603
1101.976844 10560
1103.301336 10807
1104.625827 11023
1105.950319 11122
1107.274810 11411
1108.599301 11470
1109.923793 11185
1111.248284 10752
1112.572776 10378
1113.897267 9354
1115.221758 8090
1116.546250 6677
1117.870741 5271
1119.195233 3952
1120.519724 3178
1121.844215 2423
1123.168707 2067
1124.493198 1863
1125.817690 1778
1127.142181 1823
1128.466672 1710
1129.791164 1598
1131.115655 1638
1132.440147 1505
1133.764638 1499
1135.089129 1477
1136.413621 1469
1137.738112 1501
1139.062604 1499
1140.387095 1342
1141.711586 1332
1143.036078 1266
1144.360569 1253
1145.685061 1169
1147.009552 1182
1148.334043 1149
1149.658535 1092
1150.983026 1066
1152.307518 1070
1153.632009 1043
1154.956500 978
1156.280992 919
1157.605483 858
1158.929975 946
1160.254466 823
1161.578957 768
1162.903449 808
1164.227940 837
1165.552432 766
1166.876923 744
1168.201414 758
1169.525906 691
1170.850397 736
1172.174889 665
1173.499380 637
1174.823871 661
1176.148363 597
1177.472854 621
1178.797346 608
1180.121837 569
1181.446328 496
1182.770820 532
1184.095311 482
1185.419803 464
1186.744294 418
1188.068785 428
1189.393277 403
1190.717768 397
1192.042260 320
1193.366751 315
1194.691242 287
1196.015734 311
1197.340225 249
1198.664717 234
1199.989208 257
1201.313699 202
1202.638191 170
1203.962682 165
1205.287174 165
1206.611665 141
1207.936156 141
1209.260648 110
1210.585139 94
1211.909631 86
1213.234122 92
1214.558613 63
1215.883105 48
1217.207596 37
1218.532088 37
1219.856579 12
1221.181070 29
1222.505562 24
1223.830053 19
1225.154545 33
1226.479036 23
1227.803527 19
1229.128019 14
1230.452510 16
1231.777002 14
1233.101493 10
1234.425984 8
1235.750476 13
1237.074967 9
1238.399459 7
1239.723950 5
1241.048441 5
1242.372933 6
1243.697424 3
1245.021916 5
1246.346407 0
1247.670898 1
1248.995390 0
1250.319881 0
1251.644373 0
1252.968864 0
1254.293355 0
1255.617847 0
1256.942338 0
1258.266830 0
1259.591321 0
1260.915812 0
1262.240304 0
1263.564795 0
1264.889287 0
1266.213778 0
1267.538269 0
1268.862761 0
1270.187252 0
1271.511744 0
1272.836235 0
1274.160726 0
1275.485218 0
1276.809709 0
1278.134201 0
1279.458692 0
1280.783183 0
1282.107675 0
1283.432166 0
1284.756658 0
1286.081149 0
1287.405640 0
1288.730132 0
1290.054623 0
1291.379115 0
1292.703606 0
1294.028097 0
1295.352589 0
1296.677080 0
1298.001572 0
1299.326063 0
1300.650554 0
1301.975046 0
1303.299537 0
1304.624029 0
1305.948520 0
1307.273011 0
1308.597503 0
1309.921994 0
1311.246486 0
1312.570977 0
1313.895468 0
1315.219960 0
1316.544451 0
1317.868943 0
1319.193434 0
1320.517925 236
1321.842417 3452
1323.166908 12201
1324.491400 25923
1325.815891 44580
1327.140382 68607
1328.464874 90389
1329.789365 101590
1331.113857 101462
1332.438348 91710
1333.762839 72217
1335.087331 47491
1336.411822 27751
1337.736314 13498
1339.060805 4133
1340.385296 387
1341.709788 0
1343.034279 0
1344.358771 0
1345.683262 0
1347.007753 0
1348.332245 0
1349.656736 0
1350.981228 0
1352.305719 0
1353.630210 0
1354.954702 0
